K: 7.44238120456512e+02 0.0 3.238929928065473e+02 0.0 7.445463324680893e+02 2.328984071660879e+02 0.0 0.0 1.0
D: 1.0806800641836503e-01 -1.1990051768946279e-01 -7.95379744281273e-05 2.799934222477676e-03 0.0