K: 1157.88610989047 0.0 317.451334109264 0.0 1157.93410245780 271.466576324930 0.0 0.0 1.0
D: -0.0507872233525262 -0.561021345449440 -0.000688770841655108 -0.000841746504274487 -3.64397470801011
