K: 7.365118159405674e+02 0.0 3.30483177789229e+02 0.0 7.373391705031942e+02 2.1917693132811274e+02 0.0 0.0 1.0
D: 1.1411095699146133e-01 -1.3866851249388898e-01 2.3165035863846598e-04 2.2564428815858486e-03 0.0