K: 1146.50404443672 0.0 308.443581683457 0.0 1147.14164373086 238.116454761290 0.0 0.0 1.0
D: -0.0395601761890587    -1.48427899613028  -0.000933610753935939 -0.000533271956335554 2.54831184841191
